111111111101011000111101
111111111110110110001111
000000000011011101010000
000000000011101111001100
111111111110100111110110
111111111110100010110000
000000000100001100100100
000000000010101010111111
111111111011010111101001
111111111110010100100111
000000000110110000011111
000000000001011000011101
111111110111101111001010
000000000000000010000101
000000001010010100100001
111111111110001111111101
111111110011111000101101
000000000100011001000000
000000001101110110110010
111111111000001111100000
111111110000110111011101
000000001100000100000100
000000001111110100100100
111111101110110000101001
111111110000011011001000
000000010111010011110111
000000001110000111101001
111111100001110100010110
111111110100111010100110
000000100101110000100101
000000000110000110000111
111111010010000111010111
000000000001010011110101
000000110110011001001011
111111110100010011000100
111111000000111000011111
000000011001111000111000
000001000111111100111001
111111010010110111000101
111110101111000011000101
000001000111110000100001
000001011010100111111101
111110010001011100101111
111110011001001000011100
000010101101011101000001
000001111101001010001010
111011010100101100111011
111100110110001110011010
001011000000110000000011
010100000111001110110010
001011000000110000000011
111100110110001110011010
111011010100101100111011
000001111101001010001010
000010101101011101000001
111110011001001000011100
111110010001011100101111
000001011010100111111101
000001000111110000100001
111110101111000011000101
111111010010110111000101
000001000111111100111001
000000011001111000111000
111111000000111000011111
111111110100010011000100
000000110110011001001011
000000000001010011110101
111111010010000111010111
000000000110000110000111
000000100101110000100101
111111110100111010100110
111111100001110100010110
000000001110000111101001
000000010111010011110111
111111110000011011001000
111111101110110000101001
000000001111110100100100
000000001100000100000100
111111110000110111011101
111111111000001111100000
000000001101110110110010
000000000100011001000000
111111110011111000101101
111111111110001111111101
000000001010010100100001
000000000000000010000101
111111110111101111001010
000000000001011000011101
000000000110110000011111
111111111110010100100111
111111111011010111101001
000000000010101010111111
000000000100001100100100
111111111110100010110000
111111111110100111110110
000000000011101111001100
000000000011011101010000
111111111110110110001111
111111111101011000111101
000000000000000000000000