000000000010100000000011
000000000100010110101111
111111111111111110001111
111111111101001101000011
000000000000011111101011
000000000011100110010000
111111111110011100110011
111111111011110111101011
000000000010100110010111
000000000100110011111011
111111111011110110010000
111111111010110010000110
000000000110000010001000
000000000101010111000110
111111110111101001001101
111111111010111110101010
000000001011000010010000
000000000100000100100010
111111110001111110000100
111111111101101011010111
000000010001001101101011
111111111111100111001100
111111101011100100010001
000000000100001110111011
000000010111011110100101
111111110110101000001110
111111100101111010010000
000000001111111101110100
000000011011111101011011
111111100111110100111101
111111100011010010001000
000000100010001011100010
000000011011111010001010
111111010001101111100000
111111100111000010100101
000000111100110110101011
000000010011000100000110
111110110001001001001100
111111110111000000111111
000001100110000110010110
111111111000011010101011
111101111000111111010001
000000100011101010110001
000010111110011000101101
111110100110101111100100
111010111110100000101101
000011011101111010011011
010000110001000011000100
010000110001000011000100
000011011101111010011011
111010111110100000101101
111110100110101111100100
000010111110011000101101
000000100011101010110001
111101111000111111010001
111111111000011010101011
000001100110000110010110
111111110111000000111111
111110110001001001001100
000000010011000100000110
000000111100110110101011
111111100111000010100101
111111010001101111100000
000000011011111010001010
000000100010001011100010
111111100011010010001000
111111100111110100111101
000000011011111101011011
000000001111111101110100
111111100101111010010000
111111110110101000001110
000000010111011110100101
000000000100001110111011
111111101011100100010001
111111111111100111001100
000000010001001101101011
111111111101101011010111
111111110001111110000100
000000000100000100100010
000000001011000010010000
111111111010111110101010
111111110111101001001101
000000000101010111000110
000000000110000010001000
111111111010110010000110
111111111011110110010000
000000000100110011111011
000000000010100110010111
111111111011110111101011
111111111110011100110011
000000000011100110010000
000000000000011111101011
111111111101001101000011
111111111111111110001111
000000000100010110101111
000000000010100000000011
