111111111101000111111001
111111111100000110011100
000000000000011110111000
000000000010100100010101
111111111111000000010010
111111111100110010110101
000000000010001001001001
000000000011011011101011
111111111100110111011111
111111111100000110100110
000000000100101110011110
000000000011111000000010
111111111001100101010101
111111111100010100000000
000000001000100011111111
000000000010111000000011
111111110101001010101111
111111111110011101010011
000000001101010101101110
111111111111010111111000
111111110000001100010000
000000000011101001000101
000000010010001011100001
111111111000010001100101
111111101011110101011010
000000001100111011110001
000000010101100100010000
111111101100100011011100
111111101001111101110000
000000011011010111100101
000000010101001101110101
111111011011000100000001
111111101101011010000010
000000110000011111001000
000000001101011111101011
111111000001010100101111
111111111011001111001001
000001010000111010000111
111111110110010000100100
111110010101011101111111
000000100011000011001001
000010010101001111001011
111110101001001010101001
111100000101011011010110
000011111011010010110001
001111100100000111100011
001111100100000111100011
000011111011010010110001
111100000101011011010110
111110101001001010101001
000010010101001111001011
000000100011000011001001
111110010101011101111111
111111110110010000100100
000001010000111010000111
111111111011001111001001
111111000001010100101111
000000001101011111101011
000000110000011111001000
111111101101011010000010
111111011011000100000001
000000010101001101110101
000000011011010111100101
111111101001111101110000
111111101100100011011100
000000010101100100010000
000000001100111011110001
111111101011110101011010
111111111000010001100101
000000010010001011100001
000000000011101001000101
111111110000001100010000
111111111111010111111000
000000001101010101101110
111111111110011101010011
111111110101001010101111
000000000010111000000011
000000001000100011111111
111111111100010100000000
111111111001100101010101
000000000011111000000010
000000000100101110011110
111111111100000110100110
111111111100110111011111
000000000011011011101011
000000000010001001001001
111111111100110010110101
111111111111000000010010
000000000010100100010101
000000000000011110111000
111111111100000110011100
111111111101000111111001
