000000000000010000001100
111111111100100001000101
111111111011110010110100
000000000000101000101001
000000000011010001100101
111111111110001111011000
111111111100001011100100
000000000011000000001101
000000000100011000100000
111111111011011000010010
111111111011001110110110
000000000110101011000010
000000000100110011101111
111111110110110101010011
111111111011101011000001
000000001100000100001100
000000000011001000101100
111111110000101110010111
111111111110111101011001
000000010010101001100010
111111111101110110101110
111111101010000001100011
000000000110100101100110
000000011000111110111011
111111110011100101010111
111111100100101010110110
000000010011101110011011
000000011100101000110111
111111100011011110000011
111111100011100011010011
000000100110110011011011
000000011010010001011011
111111001101100011100110
111111101010011011001100
000000111111010010011100
000000001101110000001010
111110110010110111011111
111111111101111000110101
000001011011110001100110
111111110001110010111010
111110010100111011100111
000000100100010111110100
000001111011000011110111
111110111101110010011001
111101110011101110001101
000001101010111010101100
000010100000011110101110
111101011011001011011001
111101000010111111011110
000011111110010110011010
000011110100010001001100
111001100001011011011111
111001100001110101101100
001100000011110010100110
011000100010001000111101
001100000011110010100110
111001100001110101101100
111001100001011011011111
000011110100010001001100
000011111110010110011010
111101000010111111011110
111101011011001011011001
000010100000011110101110
000001101010111010101100
111101110011101110001101
111110111101110010011001
000001111011000011110111
000000100100010111110100
111110010100111011100111
111111110001110010111010
000001011011110001100110
111111111101111000110101
111110110010110111011111
000000001101110000001010
000000111111010010011100
111111101010011011001100
111111001101100011100110
000000011010010001011011
000000100110110011011011
111111100011100011010011
111111100011011110000011
000000011100101000110111
000000010011101110011011
111111100100101010110110
111111110011100101010111
000000011000111110111011
000000000110100101100110
111111101010000001100011
111111111101110110101110
000000010010101001100010
111111111110111101011001
111111110000101110010111
000000000011001000101100
000000001100000100001100
111111111011101011000001
111111110110110101010011
000000000100110011101111
000000000110101011000010
111111111011001110110110
111111111011011000010010
000000000100011000100000
000000000011000000001101
111111111100001011100100
111111111110001111011000
000000000011010001100101
000000000000101000101001
111111111011110010110100
111111111100100001000101
000000000000010000001100
000000000000000000000000