000000000001111100111011
111111111111110101110100
111111111011111110001001
111111111100111010010110
000000000001110001000111
000000000001000010010110
111111111100001100001010
111111111110100111101010
000000000100100111010011
000000000000101001011111
111111111001111101010010
000000000000001011000100
000000000111011000101110
111111111110011011111011
111111110111001110010011
000000000011011110011111
000000001010000000110001
111111111001111110101011
111111110101000010101100
000000001001001110101110
000000001011011010110110
111111110010111000000100
111111110100110100010010
000000010001101011100100
000000001010000000000011
111111101001001001100101
111111111000011001001010
000000011100100010010000
000000000011101100000100
111111011101011000111001
000000000010000111100000
000000101000111011011010
111111110101101110110001
111111010000101011011010
000000010101011010100110
000000110101101000101111
111111011011011001110011
111111000100001110011001
000000111001101110001001
000001000001110100000111
111110100111001001110011
111110110111100111101101
000010001100011100100110
000001010010100000000001
111100000110100101100110
111110001001101100110111
001010100010110001010100
010010010011100001011110
001010100010110001010100
111110001001101100110111
111100000110100101100110
000001010010100000000001
000010001100011100100110
111110110111100111101101
111110100111001001110011
000001000001110100000111
000000111001101110001001
111111000100001110011001
111111011011011001110011
000000110101101000101111
000000010101011010100110
111111010000101011011010
111111110101101110110001
000000101000111011011010
000000000010000111100000
111111011101011000111001
000000000011101100000100
000000011100100010010000
111111111000011001001010
111111101001001001100101
000000001010000000000011
000000010001101011100100
111111110100110100010010
111111110010111000000100
000000001011011010110110
000000001001001110101110
111111110101000010101100
111111111001111110101011
000000001010000000110001
000000000011011110011111
111111110111001110010011
111111111110011011111011
000000000111011000101110
000000000000001011000100
111111111001111101010010
000000000000101001011111
000000000100100111010011
111111111110100111101010
111111111100001100001010
000000000001000010010110
000000000001110001000111
111111111100111010010110
111111111011111110001001
111111111111110101110100
000000000001111100111011
000000000000000000000000