000000000011001110001101
000000000010100010100100
111111111101010111110110
111111111100001101000101
000000000001111000010010
000000000010011000100011
111111111011001010110000
111111111100000011011010
000000000101011110111110
000000000010110100110110
111111110111010101101101
111111111100111010011111
000000001010100011011001
000000000001001100010011
111111110001111101110000
000000000000011011010101
000000010000100111111001
111111111011111110101101
111111101100000100110010
000000001000001000000010
000000010110001101101110
111111110001110111100100
111111100111101111010111
000000010101000101110000
000000011000110000100110
111111100010001111101100
111111101000000011010111
000000100111011000011011
000000010100110010001111
111111001101110010010000
111111110000110011011110
000000111101100000110111
000000000110010101101000
111110110110111001101010
000000000110000000100001
000001010100001000111110
111111101001011111000000
111110100001111000100001
000000101011011101110111
000001100110000100100101
111110111010100010011000
111110010100110010010100
000001100100111111000001
000001101100011101110011
111101110101000010110011
111110010111001100011011
000010111000110000011010
000001011110111110000110
111100001110110101110001
111110110010010011101111
000100111001101010101100
000000110011110000000011
111001100001011011011010
111111101110010000001010
001000111110010011101111
111111110100010101000100
110010001101101010110111
111110111000100111100011
011001110011101011010011
011001110011101011010011
111110111000100111100011
110010001101101010110111
111111110100010101000100
001000111110010011101111
111111101110010000001010
111001100001011011011010
000000110011110000000011
000100111001101010101100
111110110010010011101111
111100001110110101110001
000001011110111110000110
000010111000110000011010
111110010111001100011011
111101110101000010110011
000001101100011101110011
000001100100111111000001
111110010100110010010100
111110111010100010011000
000001100110000100100101
000000101011011101110111
111110100001111000100001
111111101001011111000000
000001010100001000111110
000000000110000000100001
111110110110111001101010
000000000110010101101000
000000111101100000110111
111111110000110011011110
111111001101110010010000
000000010100110010001111
000000100111011000011011
111111101000000011010111
111111100010001111101100
000000011000110000100110
000000010101000101110000
111111100111101111010111
111111110001110111100100
000000010110001101101110
000000001000001000000010
111111101100000100110010
111111111011111110101101
000000010000100111111001
000000000000011011010101
111111110001111101110000
000000000001001100010011
000000001010100011011001
111111111100111010011111
111111110111010101101101
000000000010110100110110
000000000101011110111110
111111111100000011011010
111111111011001010110000
000000000010011000100011
000000000001111000010010
111111111100001101000101
111111111101010111110110
000000000010100010100100
000000000011001110001101
